56 25 0.1245329390907160
56 82 0.1723897198462759
56 15 0.1976630409527726
56 53 0.2030893152765181
56 76 0.2109116460790527
56 54 0.2184130951315653
56 95 0.2188324612759809
56 37 0.2307132768534059
56 38 0.2331972393767967
56 78 0.2465821988837817
64 54 0.2498056492535380
64 82 0.2519479015242402
57 54 0.2554264996078332
56 30 0.2597451844942660
43 54 0.2620540934876791
66 82 0.2650225801558803
66 25 0.2723809179568462
66 53 0.2818982166471208
66 54 0.2827882795172253
66 15 0.2878443525449623
64 53 0.2885513920456377
46 82 0.2943534663553221
56 77 0.2967000012598964
56 71 0.2998637459274862
64 76 0.3008922699649081
22 54 0.3043974376776676
64 15 0.3046288568550006
28 82 0.3073511495725315
87 82 0.3083934861197362
94 82 0.3102094324558970
66 38 0.3137321189148772
66 76 0.3163139548263965
46 53 0.3170895114621469
56 49 0.3189678097567257
43 25 0.3203992474295109
56 98 0.3205675743617149
94 54 0.3207923604195424
66 95 0.3213371155257126
64 95 0.3226937556824572
28 53 0.3242455014297836
56 79 0.3243880323986642
46 54 0.3244439809441839
94 53 0.3247807709504582
56 12 0.3253298015332671
43 82 0.3258438030911057
22 82 0.3260940963541950
87 53 0.3263390273993255
46 76 0.3263534150030778
57 25 0.3277547836264250
94 76 0.3312203225928275
66 37 0.3319307195519481
57 82 0.3324173120258180
65 82 0.3329289912141826
66 78 0.3334327624222529
46 15 0.3342911752217522
56 20 0.3358019263582541
94 15 0.3370729101723713
43 53 0.3378758471815494
28 15 0.3384757044411680
87 54 0.3386880364640014
66 30 0.3401966587112425
67 76 0.3426469993539295
43 15 0.3427216326941392
43 76 0.3449250917526659
87 76 0.3450275665140871
57 76 0.3465586530860822
65 53 0.3470675352678635
56 60 0.3471904106680904
66 71 0.3481298992690383
94 25 0.3481967191304553
65 54 0.3487524164010205
57 53 0.3501851359069011
22 53 0.3502990089474153
65 76 0.3541772577296191
87 15 0.3545091402784843
64 30 0.3575606901107099
43 77 0.3619720706829569
22 76 0.3619847872031177
43 52 0.3632030070588985
65 15 0.3642493749865747
94 38 0.3648050341787705
66 98 0.3651391645413805
64 38 0.3653626029706415
43 49 0.3660035751094263
87 38 0.3661145202665114
64 71 0.3669112649270359
67 38 0.3703015963993238
28 38 0.3707363301086425
66 77 0.3731773004737003
66 49 0.3744439348101969
43 38 0.3749969305418204
66 79 0.3750810839770085
46 38 0.3766340586976659
57 15 0.3768907316048316
56 48 0.3769423642461308
57 52 0.3793112628012438
43 74 0.3797670645978086
22 15 0.3825310096874390
34 54 0.3845746255663443
57 49 0.3862011231768478
43 98 0.3869710584879132
56 52 0.3879889765898630
28 76 0.3884683265567413
57 38 0.3887978081809648
57 77 0.3888138445908846
27 53 0.3890241272277644
66 60 0.3896674032909123
27 82 0.3900485397523389
87 25 0.3903810533455883
65 25 0.3919734288120467
94 78 0.3934105296852605
87 37 0.3937860056285329
66 20 0.3942104162815073
93 54 0.3946460009812432
65 38 0.3951370692998109
57 74 0.3953633497588659
27 76 0.3978240158520475
94 37 0.3987912478465706
67 53 0.4000443981505310
43 30 0.4010391976887958
43 78 0.4012931139911757
57 98 0.4015456153909305
56 74 0.4020339185239516
67 82 0.4049452572685203
94 71 0.4049598540610217
87 71 0.4053060139347943
22 71 0.4059290926121722
43 37 0.4067375047557436
0 82 0.4085192066537792
94 95 0.4097205406117523
87 95 0.4102027096496887
43 71 0.4134147670778223
28 37 0.4140939884585803
34 76 0.4150072353450322
66 89 0.4152267954391360
94 98 0.4160817909530388
63 53 0.4162197620663355
22 95 0.4167735370925326
64 25 0.4169901605344410
0 53 0.4172857406513519
56 5 0.4177241746283084
46 71 0.4178390299336283
56 41 0.4182041974813340
27 15 0.4193555023419171
63 82 0.4198646934293219
66 48 0.4202434578315525
87 79 0.4205461917796341
43 95 0.4221831291849856
94 30 0.4223047337981031
56 90 0.4224359704239365
63 76 0.4224497777847011
87 30 0.4225487963215249
64 49 0.4226698763944187
65 71 0.4238574896875562
66 52 0.4241475021976951
67 25 0.4243887525845894
94 79 0.4245853142938046
28 30 0.4258196627672559
57 78 0.4269620378048759
43 60 0.4273738258352741
57 71 0.4275617381861275
0 76 0.4276092628546235
43 79 0.4277894998572346
56 89 0.4281371663025185
67 15 0.4291964356366905
66 12 0.4303104391015519
56 86 0.4304894687821033
57 30 0.4311038833839195
87 98 0.4322666642125277
65 78 0.4324903273413094
28 95 0.4331880497974335
66 74 0.4336123141403596
67 49 0.4349852437577520
94 49 0.4349991561004523
57 37 0.4371438068569111
28 79 0.4382014034596629
22 38 0.4383900938166621
22 30 0.4384331067870386
67 95 0.4390655158337751
63 15 0.4401130370707064
46 95 0.4407242384063967
64 60 0.4410170911768332
66 5 0.4410502657072958
28 54 0.4423036330864368
66 41 0.4426528696892090
65 95 0.4426812446359840
43 12 0.4427009783898283
46 37 0.4429097001160892
0 54 0.4429963573083156
65 37 0.4440229915177112
94 12 0.4447558243325873
87 12 0.4453071302539860
66 90 0.4458191094342315
87 52 0.4459047546010037
67 54 0.4459095624611231
66 7 0.4459850628341602
65 98 0.4459883232467055
27 54 0.4466725123698418
28 71 0.4474495350225486
66 86 0.4478310815965884
35 54 0.4478366021535058
27 95 0.4492952287382985
57 95 0.4493423616592810
64 77 0.4496085137302695
0 15 0.4500520661227876
94 77 0.4509696904944432
87 49 0.4513767082490509
93 82 0.4519313555765012
57 79 0.4520884311133082
67 77 0.4526103267825213
65 30 0.4528915975205595
64 89 0.4542751650169004
93 53 0.4554381489000543
46 30 0.4561413974021638
87 78 0.4567715283090998
67 98 0.4570739675785048
65 79 0.4572282057057261
93 76 0.4575705196502052
50 76 0.4576792376166765
63 54 0.4580021014959833
27 38 0.4585660506566972
28 49 0.4587618185232413
87 74 0.4589013655405026
87 60 0.4591939875723502
94 60 0.4594399506081064
27 30 0.4599756574018641
46 79 0.4605947211936552
67 52 0.4610015234304135
94 89 0.4610974922244706
63 95 0.4616379899741400
35 82 0.4619445639620509
34 82 0.4635609636974906
28 25 0.4639516050844981
63 38 0.4663303012920784
34 53 0.4673661765881361
63 30 0.4676044114130148
46 25 0.4678927483342795
50 54 0.4688398302700518
64 98 0.4693176703496456
87 77 0.4709690803926940
67 30 0.4729370005636578
94 74 0.4730284304803548
67 74 0.4732507174139829
87 48 0.4741479034479828
64 37 0.4747172280298338
46 12 0.4749700414361205
57 12 0.4755472532919695
65 49 0.4770353042254621
35 76 0.4773345988991284
43 48 0.4774570337836829
93 15 0.4784470825189157
65 89 0.4789691706867081
64 79 0.4796406124796397
94 52 0.4797351017871324
87 86 0.4797932965355692
22 89 0.4798866183169843
94 48 0.4800065201527883
43 86 0.4814734947016059
28 98 0.4828558582023214
94 86 0.4832135699928211
93 25 0.4838900534186001
22 49 0.4840600558867856
28 78 0.4843783664439033
28 77 0.4849125725361565
46 89 0.4854970242883380
0 38 0.4856623885640063
65 60 0.4858440012387715
56 72 0.4858706617192111
64 20 0.4867315478678915
65 12 0.4870885083763666
87 20 0.4871127276312475
63 49 0.4877771071057211
94 20 0.4878833160014035
57 60 0.4885763196586334
43 20 0.4886569650559433
46 98 0.4896075441730032
34 38 0.4900839380474813
27 49 0.4902888945767515
22 60 0.4903189872751860
66 72 0.4923667348647983
93 98 0.4928937649853248
28 60 0.4945350339016654
46 49 0.4948180218304750
63 25 0.4960504111600867
28 86 0.4967167658979226
50 82 0.4975895784597000
67 86 0.4980434929891588
46 60 0.4988159887976742
57 86 0.4991437701651537
63 98 0.4999488395394531
93 74 0.5005925460047155
64 74 0.5019480248951763
22 25 0.5021335743879942
27 25 0.5038465895439013
28 48 0.5048076787764109
22 98 0.5049575055134180
27 98 0.5053714578243680
93 38 0.5056092995765331
67 71 0.5066942792232070
65 86 0.5073788108714863
67 78 0.5073964564789076
65 77 0.5078496332296424
67 48 0.5079760135306693
57 48 0.5091021083767614
67 60 0.5110701550704010
35 15 0.5118893529979540
63 77 0.5119796226989520
93 52 0.5122684195847218
67 79 0.5130579966488081
34 15 0.5160849084810508
0 71 0.5169432635639026
50 49 0.5169540784535608
46 86 0.5177506644453801
94 41 0.5182972432770483
87 7 0.5191911131103150
65 74 0.5194653925890934
80 53 0.5200545690430081
0 98 0.5202245272619792
94 7 0.5213628668987818
63 74 0.5214180546296263
94 90 0.5218305213421723
63 20 0.5226861761392710
64 52 0.5233583125229935
28 52 0.5236901285065112
34 60 0.5240103584584158
65 48 0.5241441377797371
80 76 0.5243209678997239
28 74 0.5246423802313145
28 5 0.5251058499051444
34 49 0.5251186373005161
63 37 0.5251712068512578
64 5 0.5254365432470665
50 15 0.5256997786837833
67 37 0.5264628439720725
65 20 0.5273577271956789
93 71 0.5274849341509363
34 71 0.5283081199860824
63 60 0.5296003272940609
0 25 0.5301290199019488
27 77 0.5301974052959831
27 60 0.5310917493592023
22 79 0.5311950364587772
67 90 0.5313489054440923
94 5 0.5322461565564860
50 98 0.5324995304253991
63 89 0.5336687190594013
63 5 0.5349102235606600
27 74 0.5350108422895359
63 52 0.5356246517913512
64 86 0.5363102943680292
64 41 0.5364638452601638
28 90 0.5366963341154775
65 52 0.5399460781880370
66 99 0.5402838256550870
63 41 0.5412306323364826
87 89 0.5418531351356315
64 90 0.5421866936039953
22 74 0.5422818627108437
93 49 0.5430757772184208
50 30 0.5432552347993775
50 74 0.5432967629156098
22 77 0.5434612596106563
0 79 0.5434635195347639
43 89 0.5436079641375471
50 77 0.5441328951730671
46 74 0.5441408229140391
50 25 0.5442301728323249
63 90 0.5442599832720193
28 12 0.5443187852328975
27 20 0.5449176026182686
28 20 0.5455173386090130
63 7 0.5463751542343077
34 98 0.5464169319265680
28 41 0.5476454781256364
50 89 0.5481663099130932
56 99 0.5482653197524976
27 89 0.5483773838645697
65 41 0.5495210296128283
0 74 0.5498818348394128
50 71 0.5502377463442426
50 20 0.5517802614828945
46 77 0.5521398832495150
46 48 0.5525254158420059
63 71 0.5525655780744265
80 15 0.5527980727392505
80 82 0.5530968748004786
65 90 0.5533502994928003
27 5 0.5538435677628041
64 7 0.5539546953321168
93 79 0.5539699545824771
80 98 0.5547192630238161
27 37 0.5555616284972226
0 89 0.5558866668253023
65 7 0.5558898034014534
50 5 0.5561985589011893
35 30 0.5588382212481382
27 52 0.5598026483536821
93 78 0.5601382091679489
50 52 0.5602833990070424
87 90 0.5606882778810476
22 86 0.5607099599338936
63 78 0.5611749840533194
0 86 0.5626954582377433
94 72 0.5627203173433727
35 98 0.5630982652426346
22 20 0.5633645138660367
93 86 0.5636309487821660
27 41 0.5639308095204957
34 30 0.5657662066033075
67 5 0.5660921774064956
22 5 0.5666087964208865
34 74 0.5673730893772967
27 90 0.5681248197309925
46 20 0.5687101497598820
67 12 0.5688531361901558
46 5 0.5695431665518169
34 89 0.5699638034221649
80 74 0.5706094024185036
35 71 0.5710079517245390
43 7 0.5713556280500827
67 20 0.5734161514697451
27 7 0.5736221353586681
46 7 0.5748896810030121
35 49 0.5754063303062615
34 86 0.5759301804464753
0 52 0.5768624529707874
63 72 0.5773475381825808
63 48 0.5774616816037571
22 52 0.5793316966084533
64 78 0.5799025467610363
22 41 0.5808821509780316
0 37 0.5815755011378770
46 52 0.5821508954879308
80 25 0.5824077641895440
46 41 0.5830820699055553
50 95 0.5841816081943706
27 71 0.5844583755017605
93 30 0.5846379456808334
93 37 0.5846878806751409
34 25 0.5853102218106651
22 90 0.5863298483329863
65 5 0.5875458887383032
46 90 0.5881538184075114
34 5 0.5905069542051916
22 37 0.5910279225530499
56 7 0.5919776291301957
65 72 0.5925809047772072
34 77 0.5932589222892083
28 72 0.5933669397027341
63 12 0.5947947478980135
93 12 0.5958209828957683
87 5 0.5958618750981388
22 7 0.5962404461991684
35 89 0.5970604212478982
50 78 0.5975611240138218
80 52 0.5978526082921853
64 72 0.5991461423834092
46 78 0.5993793685108605
93 77 0.6002129962232307
27 78 0.6003820844799572
35 74 0.6009208715709951
35 79 0.6036079338528336
34 20 0.6036777193621710
34 41 0.6053233679857566
27 72 0.6081824944608938
50 37 0.6084855798275030
34 52 0.6091686146100873
34 90 0.6102255318820328
35 25 0.6109876978098523
93 95 0.6111992329836649
43 72 0.6120433840697526
93 60 0.6126556650812967
0 78 0.6154002641781912
64 48 0.6163624031017002
0 30 0.6168902776927521
93 48 0.6212334113828023
35 5 0.6223879744458961
50 12 0.6229843010566798
27 48 0.6241692290701052
50 53 0.6258641764493517
0 49 0.6260358489161030
43 99 0.6276075094662142
46 72 0.6313662880700655
0 95 0.6316160304805484
22 72 0.6324765351290448
34 79 0.6366347921458759
0 48 0.6369590924011337
22 78 0.6397613560087532
80 49 0.6408399591760537
28 89 0.6414486858572064
50 7 0.6443437954138378
50 90 0.6446348501829660
80 78 0.6450805207583842
27 12 0.6455077412156282
35 52 0.6464919521313368
57 20 0.6465052468879336
35 77 0.6473719529314576
64 12 0.6483441993666480
43 90 0.6553844665368682
87 99 0.6562209386092575
35 20 0.6587120207622102
63 99 0.6610676827883990
80 38 0.6626527313551713
80 37 0.6649414019742380
0 5 0.6658429514530020
50 38 0.6684237019999801
50 60 0.6687034425007570
80 5 0.6714687755707482
57 99 0.6721829011609060
22 48 0.6727400507083700
80 12 0.6731596738193715
67 99 0.6739794353486086
34 72 0.6782140935617043
50 99 0.6789628423689791
80 30 0.6798457436483869
28 99 0.6855239991684017
80 60 0.6873238437893945
50 86 0.6882775765524045
50 72 0.6913172054288794
35 37 0.6919911377481783
34 48 0.6935498674248229
50 41 0.6939014045497297
35 78 0.6962283368994691
22 12 0.6965431433837893
50 48 0.6990645266577621
0 7 0.7024556507209485
80 86 0.7030092265359100
80 95 0.7033101821428211
0 60 0.7060310665112188
34 37 0.7112557670308303
87 72 0.7187786407939204
27 99 0.7193683757650636
80 89 0.7212509979581724
80 77 0.7227457690512532
34 12 0.7252025853275073
0 77 0.7305769597397105
35 12 0.7329660723053831
35 72 0.7332714220287402
80 72 0.7384388807509843
67 41 0.7415359433425111
64 99 0.7428160329164675
43 41 0.7433572838534638
0 41 0.7460778980166816
93 89 0.7469237232110330
46 99 0.7507529839791143
35 90 0.7510145920738077
57 5 0.7589609660641953
93 99 0.7622749421376279
0 72 0.7642622887463374
87 41 0.7652140575187397
35 95 0.7686402734544059
22 99 0.7707871269866898
67 72 0.7719403723031210
57 89 0.7720997424091569
35 99 0.7831540776301398
34 99 0.7839253826784091
80 48 0.7881849535859118
34 78 0.7955469677979599
34 7 0.7957683065609429
0 90 0.7979993259535783
93 20 0.8010144139432427
35 7 0.8046771944399942
35 53 0.8078140149498271
80 99 0.8204491699966356
80 41 0.8231416368881438
80 90 0.8270323816196383
0 99 0.8344430037602287
80 71 0.8409109524832721
35 41 0.8469006524611933
80 20 0.8511839657237694
50 79 0.8552593890860307
57 7 0.8594827495157887
80 79 0.8643191988479991
93 72 0.8929766977004806
93 5 0.9038745302264570
35 86 0.9068503657577430
0 20 0.9088935767882493
57 90 0.9284964355716800
0 12 0.9434562552966910
93 7 0.9514485347018775
27 86 0.9606569747900374
57 72 0.9749988574004250
80 7 1.0096671974206430
35 60 1.0135797359199445
93 90 1.0482527437853661
43 5 1.1895681348344247
67 89 1.2014841475290141
93 41 1.2620259089946808
63 79 1.2952300935926671
34 95 1.3385904584080757
35 48 1.4366855560410292
28 7 1.4810366709066141
94 99 1.5710092204614221
57 41 1.7241457630202752
35 38 1.7543461665422553
63 86 1.9597667979297029
65 99 2.0437024155660861
80 54 2.2183709400050247
67 7 2.3301828063304599
27 79 3.5676887969536586
